cv_loss: 0.39163698299214744
epoch: 1
lr: 0.00022
save_time: 08/11/2025 19:57:12
step: 439
