cv_loss: 0.35810363080175034
epoch: 13
lr: 0.0005913123959890826
save_time: 08/11/2025 20:15:03
step: 3079
