cv_loss: 0.3657708919592517
epoch: 14
lr: 0.0005698028822981898
save_time: 08/11/2025 20:16:34
step: 3299
