cv_loss: 0.358291363585039
epoch: 15
lr: 0.0005504818825631802
save_time: 08/11/2025 20:18:03
step: 3519
