cv_loss: 0.3625097974107012
epoch: 17
lr: 0.0005170876899950191
save_time: 08/11/2025 20:21:24
step: 3959
