cv_loss: 0.3691848021116069
epoch: 18
lr: 0.000502518907629606
save_time: 08/11/2025 20:23:27
step: 4179
