cv_loss: 0.3736149302445742
epoch: 19
lr: 0.0004891159880445184
save_time: 08/11/2025 20:26:02
step: 4399
