cv_loss: 0.3997679890413675
epoch: 2
lr: 0.00044
save_time: 08/11/2025 19:58:41
step: 659
