cv_loss: 0.3839672972305105
epoch: 20
lr: 0.0004767312946227961
save_time: 08/11/2025 20:28:29
step: 4619
