cv_loss: 0.38561265256475585
epoch: 21
lr: 0.00046524210519923543
save_time: 08/11/2025 20:30:21
step: 4839
