cv_loss: 0.4014092702660629
epoch: 22
lr: 0.00045454545454545455
save_time: 08/11/2025 20:32:45
step: 5059
