cv_loss: 0.40337514456253537
epoch: 25
lr: 0.0004264014327112209
save_time: 08/11/2025 20:39:14
step: 5719
