cv_loss: 0.46186972582034375
epoch: 29
lr: 0.0003959037912324479
save_time: 08/11/2025 20:46:23
step: 6599
