cv_loss: 0.4918322150844687
epoch: 33
lr: 0.0003711348095126027
save_time: 08/11/2025 20:52:07
step: 7479
