cv_loss: 0.508931509576929
epoch: 34
lr: 0.0003656362120635653
save_time: 08/11/2025 20:53:37
step: 7699
