cv_loss: 0.5747092709625534
epoch: 36
lr: 0.0003553345272593507
save_time: 08/11/2025 20:56:28
step: 8139
