cv_loss: 0.6064236362708961
epoch: 38
lr: 0.0003458572319330373
save_time: 08/11/2025 20:59:17
step: 8579
