cv_loss: 0.6514433293452226
epoch: 42
lr: 0.00032897584747988446
save_time: 08/11/2025 21:04:53
step: 9459
