cv_loss: 0.6457897701965734
epoch: 45
lr: 0.0003178208630818641
save_time: 08/11/2025 21:09:08
step: 10119
