cv_loss: 0.677968191727127
epoch: 47
lr: 0.00031098520678556144
save_time: 08/11/2025 21:11:57
step: 10559
