cv_loss: 0.6987498903703546
epoch: 48
lr: 0.00030772872744833183
save_time: 08/11/2025 21:13:22
step: 10779
