cv_loss: 0.3727423428734395
epoch: 5
lr: 0.0009534625892455922
save_time: 08/11/2025 20:03:08
step: 1319
