cv_loss: 0.6744918257981211
epoch: 50
lr: 0.0003015113445777636
save_time: 08/11/2025 21:16:16
step: 11219
