cv_loss: 0.7231917392409114
epoch: 54
lr: 0.0002901294265928297
save_time: 08/11/2025 21:21:46
step: 12099
