cv_loss: 0.7139056424465389
epoch: 56
lr: 0.0002849014411490949
save_time: 08/11/2025 21:24:13
step: 12539
