cv_loss: 0.7252041050610006
epoch: 59
lr: 0.0002775636908266844
save_time: 08/11/2025 21:27:48
step: 13199
