cv_loss: 0.7599208343827458
epoch: 61
lr: 0.000272975545216307
save_time: 08/11/2025 21:30:24
step: 13635
