cv_loss: 0.8176402642861162
epoch: 63
lr: 0.0002686464231901118
save_time: 08/11/2025 21:33:06
step: 14075
