cv_loss: 0.7733442442927985
epoch: 64
lr: 0.00026653875875300056
save_time: 08/11/2025 21:34:22
step: 14295
