cv_loss: 0.7693309857026214
epoch: 66
lr: 0.0002624680956611889
save_time: 08/11/2025 21:36:45
step: 14735
