cv_loss: 0.8195090059517464
epoch: 68
lr: 0.00025857841661563525
save_time: 08/11/2025 21:39:16
step: 15175
