cv_loss: 0.7646175671799585
epoch: 69
lr: 0.0002566973238622053
save_time: 08/11/2025 21:40:29
step: 15395
