cv_loss: 0.38639905501587796
epoch: 7
lr: 0.0008058229640253802
save_time: 08/11/2025 20:06:09
step: 1759
