cv_loss: 0.8401670582252357
epoch: 70
lr: 0.0002548566961405564
save_time: 08/11/2025 21:41:43
step: 15615
