cv_loss: 0.7456021472161232
epoch: 71
lr: 0.0002530551031809112
save_time: 08/11/2025 21:42:55
step: 15835
