cv_loss: 0.8077100023592524
epoch: 72
lr: 0.0002512911845030415
save_time: 08/11/2025 21:44:09
step: 16055
