cv_loss: 0.8218582700944194
epoch: 73
lr: 0.0002495636450981166
save_time: 08/11/2025 21:45:22
step: 16275
