cv_loss: 0.8603626610795008
epoch: 75
lr: 0.00024621282774673156
save_time: 08/11/2025 21:47:49
step: 16715
