cv_loss: 0.8211336903316265
epoch: 77
lr: 0.00024299345578837186
save_time: 08/11/2025 21:50:16
step: 17155
