cv_loss: 0.7881723654663432
epoch: 78
lr: 0.00024143041517563925
save_time: 08/11/2025 21:51:29
step: 17375
