cv_loss: 0.868343661443983
epoch: 79
lr: 0.00023989715414572793
save_time: 08/11/2025 21:52:46
step: 17595
