cv_loss: 0.8097357648247602
epoch: 80
lr: 0.00023839273893475218
save_time: 08/11/2025 21:53:59
step: 17815
