cv_loss: 0.8584681152304344
epoch: 82
lr: 0.0002354669111002846
save_time: 08/11/2025 21:56:24
step: 18255
