cv_loss: 0.9096973441275547
epoch: 83
lr: 0.0002340438245964344
save_time: 08/11/2025 21:57:41
step: 18475
