cv_loss: 0.8927138675574023
epoch: 89
lr: 0.00022601539488488245
save_time: 08/11/2025 22:05:02
step: 19795
