cv_loss: 0.903573860648631
epoch: 91
lr: 0.00022351740866075837
save_time: 08/11/2025 22:07:31
step: 20235
