cv_loss: 0.914618161391195
epoch: 95
lr: 0.0002187602546272841
save_time: 08/11/2025 22:12:25
step: 21115
