cv_loss: 0.814489605664333
epoch: 96
lr: 0.00021761767865518083
save_time: 08/11/2025 22:13:38
step: 21335
