cv_loss: 0.900176128757989
epoch: 97
lr: 0.00021649282056763528
save_time: 08/11/2025 22:14:50
step: 21555
