cv_loss: 0.39203355746124635
epoch: 1
lr: 0.00022
save_time: 09/11/2025 20:24:50
step: 439
