cv_loss: 0.2777925672947427
epoch: 1
lr: 0.00022
save_time: 19/11/2025 01:18:30
step: 439
