cv_loss: 0.5572636121116213
epoch: 1
lr: 0.00022
save_time: 12/11/2025 22:13:35
step: 439
