cv_loss: 0.5572636121116213
epoch: 1
lr: 0.00022
save_time: 16/11/2025 23:37:23
step: 439
