cv_loss: 0.38150433439765125
epoch: 10
lr: 0.0006741998624632421
save_time: 12/11/2025 22:35:11
step: 2419
