cv_loss: 0.15126235760755835
epoch: 10
lr: 0.0006741998624632421
save_time: 19/11/2025 01:30:57
step: 2419
