cv_loss: 0.3580959612470752
epoch: 10
lr: 0.0006741998624632421
save_time: 08/11/2025 20:10:33
step: 2419
