cv_loss: 0.3566354940192614
epoch: 10
lr: 0.0006741998624632421
save_time: 09/11/2025 20:41:03
step: 2419
