cv_loss: 0.38150433439765125
epoch: 10
lr: 0.0006741998624632421
save_time: 16/11/2025 23:49:23
step: 2419
