cv_loss: 0.36937923172798526
epoch: 11
lr: 0.000642824346533225
save_time: 09/11/2025 20:42:49
step: 2639
