cv_loss: 0.15430037591386658
epoch: 11
lr: 0.000642824346533225
save_time: 19/11/2025 01:32:21
step: 2639
