cv_loss: 0.38049376505448473
epoch: 11
lr: 0.000642824346533225
save_time: 12/11/2025 22:36:38
step: 2639
