cv_loss: 0.38049376505448473
epoch: 11
lr: 0.000642824346533225
save_time: 16/11/2025 23:50:43
step: 2639
