cv_loss: 0.36583259746417407
epoch: 11
lr: 0.000642824346533225
save_time: 08/11/2025 20:12:04
step: 2639
