cv_loss: 0.3565280408074323
epoch: 12
lr: 0.0006154574548966637
save_time: 09/11/2025 20:44:24
step: 2859
