cv_loss: 0.37595049038365536
epoch: 12
lr: 0.0006154574548966637
save_time: 16/11/2025 23:52:06
step: 2859
