cv_loss: 0.3540305381653826
epoch: 12
lr: 0.0006154574548966637
save_time: 08/11/2025 20:13:32
step: 2859
