cv_loss: 0.15010144294638986
epoch: 12
lr: 0.0006154574548966637
save_time: 19/11/2025 01:33:45
step: 2859
