cv_loss: 0.37595049038365536
epoch: 12
lr: 0.0006154574548966637
save_time: 12/11/2025 22:39:33
step: 2859
