cv_loss: 0.1568961785519691
epoch: 13
lr: 0.0005913123959890826
save_time: 19/11/2025 01:35:08
step: 3079
