cv_loss: 0.3889628675769703
epoch: 13
lr: 0.0005913123959890826
save_time: 16/11/2025 23:53:27
step: 3079
