cv_loss: 0.3889628675769703
epoch: 13
lr: 0.0005913123959890826
save_time: 12/11/2025 22:41:13
step: 3079
