cv_loss: 0.36582115817888305
epoch: 13
lr: 0.0005913123959890826
save_time: 09/11/2025 20:45:53
step: 3079
