cv_loss: 0.1476009657823098
epoch: 14
lr: 0.0005698028822981898
save_time: 19/11/2025 01:36:32
step: 3299
