cv_loss: 0.37900933381995533
epoch: 14
lr: 0.0005698028822981898
save_time: 16/11/2025 23:54:50
step: 3299
