cv_loss: 0.37900933381995533
epoch: 14
lr: 0.0005698028822981898
save_time: 12/11/2025 22:43:12
step: 3299
