cv_loss: 0.3718465154507048
epoch: 14
lr: 0.0005698028822981898
save_time: 09/11/2025 20:47:45
step: 3299
