cv_loss: 0.14337229330473764
epoch: 15
lr: 0.0005504818825631802
save_time: 19/11/2025 01:37:55
step: 3519
