cv_loss: 0.3672752210355846
epoch: 15
lr: 0.0005504818825631802
save_time: 09/11/2025 20:49:37
step: 3519
