cv_loss: 0.3595742353873426
epoch: 15
lr: 0.0005504818825631802
save_time: 12/11/2025 22:44:59
step: 3519
