cv_loss: 0.37244108270621623
epoch: 16
lr: 0.0005330017908890261
save_time: 16/11/2025 23:57:33
step: 3739
