cv_loss: 0.1454350003219771
epoch: 16
lr: 0.0005330017908890261
save_time: 19/11/2025 01:39:19
step: 3739
