cv_loss: 0.3531524650218764
epoch: 16
lr: 0.0005330017908890261
save_time: 08/11/2025 20:19:33
step: 3739
