cv_loss: 0.37244108270621623
epoch: 16
lr: 0.0005330017908890261
save_time: 12/11/2025 22:46:48
step: 3739
