cv_loss: 0.3626277231447143
epoch: 16
lr: 0.0005330017908890261
save_time: 09/11/2025 20:51:52
step: 3739
