cv_loss: 0.3573395329211323
epoch: 17
lr: 0.0005170876899950191
save_time: 12/11/2025 22:48:57
step: 3959
