cv_loss: 0.14164824534042483
epoch: 17
lr: 0.0005170876899950191
save_time: 19/11/2025 01:40:43
step: 3959
