cv_loss: 0.3573395329211323
epoch: 17
lr: 0.0005170876899950191
save_time: 16/11/2025 23:58:56
step: 3959
