cv_loss: 0.3683722156240558
epoch: 17
lr: 0.0005170876899950191
save_time: 09/11/2025 20:53:48
step: 3959
