cv_loss: 0.3713208709069786
epoch: 18
lr: 0.000502518907629606
save_time: 09/11/2025 20:55:35
step: 4179
