cv_loss: 0.3706337674901073
epoch: 18
lr: 0.000502518907629606
save_time: 12/11/2025 22:50:58
step: 4179
