cv_loss: 0.15106242260548403
epoch: 18
lr: 0.000502518907629606
save_time: 19/11/2025 01:42:06
step: 4179
