cv_loss: 0.14735681663668582
epoch: 19
lr: 0.0004891159880445184
save_time: 19/11/2025 01:43:29
step: 4399
