cv_loss: 0.3768547033715431
epoch: 19
lr: 0.0004891159880445184
save_time: 09/11/2025 20:57:48
step: 4399
