cv_loss: 0.3582231812141848
epoch: 19
lr: 0.0004891159880445184
save_time: 12/11/2025 22:53:01
step: 4399
