cv_loss: 0.40060315319634565
epoch: 2
lr: 0.00044
save_time: 09/11/2025 20:26:40
step: 659
