cv_loss: 0.15655691247906378
epoch: 2
lr: 0.00044
save_time: 19/11/2025 01:19:51
step: 659
