cv_loss: 0.3946582115479049
epoch: 2
lr: 0.00044
save_time: 12/11/2025 22:15:47
step: 659
