cv_loss: 0.3946582115479049
epoch: 2
lr: 0.00044
save_time: 16/11/2025 23:38:33
step: 659
