cv_loss: 0.14739481981139865
epoch: 20
lr: 0.0004767312946227961
save_time: 19/11/2025 01:44:52
step: 4619
