cv_loss: 0.37087509926856654
epoch: 20
lr: 0.0004767312946227961
save_time: 12/11/2025 22:55:01
step: 4619
