cv_loss: 0.37087509926856654
epoch: 20
lr: 0.0004767312946227961
save_time: 17/11/2025 00:02:59
step: 4619
