cv_loss: 0.3782782156202881
epoch: 20
lr: 0.0004767312946227961
save_time: 09/11/2025 20:59:39
step: 4619
