cv_loss: 0.39651082361272794
epoch: 21
lr: 0.00046524210519923543
save_time: 09/11/2025 21:01:45
step: 4839
