cv_loss: 0.39777692229856615
epoch: 21
lr: 0.00046524210519923543
save_time: 12/11/2025 22:56:58
step: 4839
