cv_loss: 0.15541086024898007
epoch: 21
lr: 0.00046524210519923543
save_time: 19/11/2025 01:46:17
step: 4839
