cv_loss: 0.35552164388870805
epoch: 22
lr: 0.00045454545454545455
save_time: 12/11/2025 22:59:09
step: 5059
