cv_loss: 0.142965330725231
epoch: 22
lr: 0.00045454545454545455
save_time: 19/11/2025 01:47:42
step: 5059
