cv_loss: 0.41116432313798307
epoch: 22
lr: 0.00045454545454545455
save_time: 09/11/2025 21:03:39
step: 5059
