cv_loss: 0.35552164388870805
epoch: 22
lr: 0.00045454545454545455
save_time: 17/11/2025 00:05:41
step: 5059
