cv_loss: 0.3494784692770956
epoch: 23
lr: 0.00044455422447438705
save_time: 17/11/2025 00:07:05
step: 5279
