cv_loss: 0.3942482086548365
epoch: 23
lr: 0.00044455422447438705
save_time: 09/11/2025 21:05:41
step: 5279
