cv_loss: 0.13858655548937834
epoch: 23
lr: 0.00044455422447438705
save_time: 19/11/2025 01:49:05
step: 5279
