cv_loss: 0.3870184433059031
epoch: 23
lr: 0.00044455422447438705
save_time: 08/11/2025 20:35:08
step: 5279
