cv_loss: 0.1634485689412352
epoch: 24
lr: 0.0004351941398892445
save_time: 19/11/2025 01:50:30
step: 5499
