cv_loss: 0.39754179528219546
epoch: 24
lr: 0.0004351941398892445
save_time: 08/11/2025 20:37:07
step: 5499
