cv_loss: 0.3795504560076527
epoch: 24
lr: 0.0004351941398892445
save_time: 12/11/2025 23:03:11
step: 5499
