cv_loss: 0.4111684757008309
epoch: 24
lr: 0.0004351941398892445
save_time: 09/11/2025 21:07:15
step: 5499
