cv_loss: 0.18353482155313655
epoch: 25
lr: 0.0004264014327112209
save_time: 19/11/2025 01:51:55
step: 5719
