cv_loss: 0.3833935548567208
epoch: 25
lr: 0.0004264014327112209
save_time: 17/11/2025 00:09:51
step: 5719
