cv_loss: 0.3833935548567208
epoch: 25
lr: 0.0004264014327112209
save_time: 12/11/2025 23:10:03
step: 5719
