cv_loss: 0.416423530826486
epoch: 25
lr: 0.0004264014327112209
save_time: 09/11/2025 21:09:10
step: 5719
