cv_loss: 0.42953107882165703
epoch: 26
lr: 0.00041812100500354535
save_time: 08/11/2025 20:41:19
step: 5939
