cv_loss: 0.13952255646255327
epoch: 26
lr: 0.00041812100500354535
save_time: 19/11/2025 01:53:18
step: 5939
