cv_loss: 0.43667683757094294
epoch: 26
lr: 0.00041812100500354535
save_time: 09/11/2025 21:10:49
step: 5939
