cv_loss: 0.3559445245430415
epoch: 26
lr: 0.00041812100500354535
save_time: 17/11/2025 00:11:12
step: 5939
