cv_loss: 0.3559445245430415
epoch: 26
lr: 0.00041812100500354535
save_time: 13/11/2025 03:01:20
step: 5939
