cv_loss: 0.46073851566321056
epoch: 27
lr: 0.00041030496993110907
save_time: 09/11/2025 21:12:28
step: 6159
