cv_loss: 0.458899704427252
epoch: 27
lr: 0.00041030496993110907
save_time: 08/11/2025 20:43:20
step: 6159
