cv_loss: 0.13922785782130787
epoch: 27
lr: 0.00041030496993110907
save_time: 19/11/2025 01:54:41
step: 6159
