cv_loss: 0.3484373503190523
epoch: 27
lr: 0.00041030496993110907
save_time: 13/11/2025 05:25:16
step: 6159
