cv_loss: 0.3484373503190523
epoch: 27
lr: 0.00041030496993110907
save_time: 17/11/2025 00:12:34
step: 6159
