cv_loss: 0.45040888970631515
epoch: 28
lr: 0.0004029114820126901
save_time: 09/11/2025 21:14:00
step: 6379
