cv_loss: 0.45847740820033356
epoch: 28
lr: 0.0004029114820126901
save_time: 08/11/2025 20:45:02
step: 6379
