cv_loss: 0.14754150761679308
epoch: 28
lr: 0.0004029114820126901
save_time: 19/11/2025 01:56:05
step: 6379
