cv_loss: 0.3642326179284805
epoch: 28
lr: 0.0004029114820126901
save_time: 13/11/2025 05:29:18
step: 6379
