cv_loss: 0.14982631989257886
epoch: 29
lr: 0.0003959037912324479
save_time: 19/11/2025 01:57:29
step: 6599
