cv_loss: 0.3701991923289949
epoch: 29
lr: 0.0003959037912324479
save_time: 17/11/2025 00:15:14
step: 6599
