cv_loss: 0.48659055859039163
epoch: 29
lr: 0.0003959037912324479
save_time: 09/11/2025 21:15:21
step: 6599
