cv_loss: 0.15979294045413983
epoch: 3
lr: 0.00066
save_time: 19/11/2025 01:21:13
step: 879
