cv_loss: 0.38635145422221423
epoch: 3
lr: 0.00066
save_time: 08/11/2025 20:00:08
step: 879
