cv_loss: 0.4296834410845697
epoch: 3
lr: 0.00066
save_time: 12/11/2025 22:17:32
step: 879
