cv_loss: 0.38260755261672574
epoch: 3
lr: 0.00066
save_time: 09/11/2025 20:28:26
step: 879
