cv_loss: 0.4296834410845697
epoch: 3
lr: 0.00066
save_time: 16/11/2025 23:39:54
step: 879
