cv_loss: 0.1444805109353909
epoch: 30
lr: 0.00038924947208076146
save_time: 19/11/2025 01:58:51
step: 6819
