cv_loss: 0.47499459411890577
epoch: 30
lr: 0.00038924947208076146
save_time: 08/11/2025 20:47:43
step: 6819
