cv_loss: 0.3589546961492
epoch: 30
lr: 0.00038924947208076146
save_time: 13/11/2025 05:37:18
step: 6819
