cv_loss: 0.4720371540527827
epoch: 30
lr: 0.00038924947208076146
save_time: 09/11/2025 21:16:46
step: 6819
