cv_loss: 0.48921661490561447
epoch: 31
lr: 0.0003829197905337418
save_time: 08/11/2025 20:49:08
step: 7039
