cv_loss: 0.35380301069156683
epoch: 31
lr: 0.0003829197905337418
save_time: 13/11/2025 05:40:55
step: 7039
