cv_loss: 0.35380301069156683
epoch: 31
lr: 0.0003829197905337418
save_time: 17/11/2025 00:17:59
step: 7039
