cv_loss: 0.5005003630578697
epoch: 31
lr: 0.0003829197905337418
save_time: 09/11/2025 21:18:14
step: 7039
