cv_loss: 0.1409133879473431
epoch: 31
lr: 0.0003829197905337418
save_time: 19/11/2025 02:00:14
step: 7039
