cv_loss: 0.5029370539667447
epoch: 32
lr: 0.00037688918072220455
save_time: 09/11/2025 21:19:53
step: 7259
