cv_loss: 0.3459666007481111
epoch: 32
lr: 0.00037688918072220455
save_time: 13/11/2025 05:45:02
step: 7259
