cv_loss: 0.4987217433768008
epoch: 32
lr: 0.00037688918072220455
save_time: 08/11/2025 20:50:39
step: 7259
