cv_loss: 0.3459666007481111
epoch: 32
lr: 0.00037688918072220455
save_time: 17/11/2025 00:19:22
step: 7259
