cv_loss: 0.1415993724116402
epoch: 32
lr: 0.00037688918072220455
save_time: 19/11/2025 02:01:37
step: 7259
