cv_loss: 0.13607032510170497
epoch: 33
lr: 0.0003711348095126027
save_time: 19/11/2025 02:03:02
step: 7479
