cv_loss: 0.3437379739436258
epoch: 33
lr: 0.0003711348095126027
save_time: 17/11/2025 00:20:45
step: 7479
