cv_loss: 0.5008773748495705
epoch: 33
lr: 0.0003711348095126027
save_time: 09/11/2025 21:21:34
step: 7479
