cv_loss: 0.14162217823913278
epoch: 34
lr: 0.0003656362120635653
save_time: 19/11/2025 02:04:25
step: 7699
