cv_loss: 0.3434929295366345
epoch: 34
lr: 0.0003656362120635653
save_time: 17/11/2025 00:22:10
step: 7699
