cv_loss: 0.5207509845147646
epoch: 34
lr: 0.0003656362120635653
save_time: 09/11/2025 21:23:09
step: 7699
