cv_loss: 0.1390871364388693
epoch: 35
lr: 0.0003603749850782236
save_time: 19/11/2025 02:05:48
step: 7919
