cv_loss: 0.3487094055013393
epoch: 35
lr: 0.0003603749850782236
save_time: 17/11/2025 00:23:32
step: 7919
