cv_loss: 0.576564615982765
epoch: 35
lr: 0.0003603749850782236
save_time: 09/11/2025 21:24:34
step: 7919
