cv_loss: 0.576254710560042
epoch: 35
lr: 0.0003603749850782236
save_time: 08/11/2025 20:55:02
step: 7919
