cv_loss: 0.3487094055013393
epoch: 35
lr: 0.0003603749850782236
save_time: 13/11/2025 05:56:33
step: 7919
