cv_loss: 0.3383156643315817
epoch: 36
lr: 0.0003553345272593507
save_time: 17/11/2025 00:24:54
step: 8139
