cv_loss: 0.13517557616354584
epoch: 36
lr: 0.0003553345272593507
save_time: 19/11/2025 02:07:12
step: 8139
