cv_loss: 0.5796409187536167
epoch: 36
lr: 0.0003553345272593507
save_time: 09/11/2025 21:26:07
step: 8139
