cv_loss: 0.3383156643315817
epoch: 36
lr: 0.0003553345272593507
save_time: 13/11/2025 06:00:27
step: 8139
