cv_loss: 0.5869729911752718
epoch: 37
lr: 0.00035049981861639076
save_time: 08/11/2025 20:57:52
step: 8359
