cv_loss: 0.35943218079538036
epoch: 37
lr: 0.00035049981861639076
save_time: 13/11/2025 07:23:09
step: 8359
