cv_loss: 0.35943218079538036
epoch: 37
lr: 0.00035049981861639076
save_time: 17/11/2025 00:26:15
step: 8359
