cv_loss: 0.1466670383595896
epoch: 37
lr: 0.00035049981861639076
save_time: 19/11/2025 02:08:35
step: 8359
