cv_loss: 0.5694541065981292
epoch: 37
lr: 0.00035049981861639076
save_time: 09/11/2025 21:27:36
step: 8359
