cv_loss: 0.5983113706290663
epoch: 38
lr: 0.0003458572319330373
save_time: 09/11/2025 21:29:10
step: 8579
