cv_loss: 0.13941996710692117
epoch: 38
lr: 0.0003458572319330373
save_time: 19/11/2025 02:09:58
step: 8579
