cv_loss: 0.36107807090305477
epoch: 38
lr: 0.0003458572319330373
save_time: 17/11/2025 00:27:36
step: 8579
