cv_loss: 0.3566071083250939
epoch: 39
lr: 0.0003413943709994594
save_time: 17/11/2025 00:28:58
step: 8799
