cv_loss: 0.147223199250022
epoch: 39
lr: 0.0003413943709994594
save_time: 19/11/2025 02:11:22
step: 8799
