cv_loss: 0.5816442604582932
epoch: 39
lr: 0.0003413943709994594
save_time: 09/11/2025 21:30:45
step: 8799
