cv_loss: 0.5800766592937802
epoch: 39
lr: 0.0003413943709994594
save_time: 08/11/2025 21:00:41
step: 8799
