cv_loss: 0.38747977650352255
epoch: 4
lr: 0.00088
save_time: 12/11/2025 22:20:02
step: 1099
