cv_loss: 0.38747977650352255
epoch: 4
lr: 0.00088
save_time: 16/11/2025 23:41:17
step: 1099
