cv_loss: 0.37327157243495385
epoch: 4
lr: 0.00088
save_time: 08/11/2025 20:01:41
step: 1099
