cv_loss: 0.3694015859524753
epoch: 4
lr: 0.00088
save_time: 09/11/2025 20:30:18
step: 1099
