cv_loss: 0.1537431273528712
epoch: 4
lr: 0.00088
save_time: 19/11/2025 01:22:35
step: 1099
