cv_loss: 0.14296418843528344
epoch: 40
lr: 0.00033709993123162105
save_time: 19/11/2025 02:12:46
step: 9019
