cv_loss: 0.35738876931709435
epoch: 40
lr: 0.00033709993123162105
save_time: 13/11/2025 07:33:04
step: 9019
