cv_loss: 0.6432974499410409
epoch: 40
lr: 0.00033709993123162105
save_time: 08/11/2025 21:02:05
step: 9019
