cv_loss: 0.6751300175560987
epoch: 40
lr: 0.00033709993123162105
save_time: 09/11/2025 21:32:15
step: 9019
