cv_loss: 0.35185901195515956
epoch: 41
lr: 0.00033296357910601344
save_time: 13/11/2025 07:41:45
step: 9239
