cv_loss: 0.5753137069477792
epoch: 41
lr: 0.00033296357910601344
save_time: 08/11/2025 21:03:29
step: 9239
