cv_loss: 0.35185901195515956
epoch: 41
lr: 0.00033296357910601344
save_time: 17/11/2025 00:31:39
step: 9239
