cv_loss: 0.13615079335831118
epoch: 41
lr: 0.00033296357910601344
save_time: 19/11/2025 02:14:11
step: 9239
