cv_loss: 0.5795655867053207
epoch: 41
lr: 0.00033296357910601344
save_time: 09/11/2025 21:33:42
step: 9239
