cv_loss: 0.6562854619234334
epoch: 42
lr: 0.00032897584747988446
save_time: 09/11/2025 21:35:08
step: 9459
