cv_loss: 0.37229877189968635
epoch: 42
lr: 0.00032897584747988446
save_time: 13/11/2025 07:43:44
step: 9459
