cv_loss: 0.37229877189968635
epoch: 42
lr: 0.00032897584747988446
save_time: 17/11/2025 00:33:00
step: 9459
