cv_loss: 0.14647110273781636
epoch: 42
lr: 0.00032897584747988446
save_time: 19/11/2025 02:15:35
step: 9459
