cv_loss: 0.6380998981034743
epoch: 43
lr: 0.00032512804438117755
save_time: 08/11/2025 21:06:19
step: 9679
