cv_loss: 0.36674851737233727
epoch: 43
lr: 0.00032512804438117755
save_time: 17/11/2025 00:34:20
step: 9679
