cv_loss: 0.14679944741650447
epoch: 43
lr: 0.00032512804438117755
save_time: 19/11/2025 02:17:00
step: 9679
