cv_loss: 0.36674851737233727
epoch: 43
lr: 0.00032512804438117755
save_time: 13/11/2025 07:45:56
step: 9679
