cv_loss: 0.6415254749563765
epoch: 43
lr: 0.00032512804438117755
save_time: 09/11/2025 21:36:29
step: 9679
