cv_loss: 0.35012007077429064
epoch: 44
lr: 0.0003214121732666125
save_time: 17/11/2025 00:35:41
step: 9899
