cv_loss: 0.6022692570802332
epoch: 44
lr: 0.0003214121732666125
save_time: 08/11/2025 21:07:44
step: 9899
