cv_loss: 0.6312124205207634
epoch: 44
lr: 0.0003214121732666125
save_time: 09/11/2025 21:37:49
step: 9899
