cv_loss: 0.35012007077429064
epoch: 44
lr: 0.0003214121732666125
save_time: 13/11/2025 07:47:39
step: 9899
