cv_loss: 0.13827085246725188
epoch: 44
lr: 0.0003214121732666125
save_time: 19/11/2025 02:18:23
step: 9899
