cv_loss: 0.6479193998630426
epoch: 45
lr: 0.0003178208630818641
save_time: 09/11/2025 21:39:09
step: 10119
