cv_loss: 0.14718187149267759
epoch: 45
lr: 0.0003178208630818641
save_time: 19/11/2025 02:19:46
step: 10119
