cv_loss: 0.3717047438864627
epoch: 45
lr: 0.0003178208630818641
save_time: 13/11/2025 07:49:41
step: 10119
