cv_loss: 0.3717047438864627
epoch: 45
lr: 0.0003178208630818641
save_time: 17/11/2025 00:37:02
step: 10119
