cv_loss: 0.3629744991347298
epoch: 46
lr: 0.0003143473067309657
save_time: 13/11/2025 07:51:42
step: 10339
