cv_loss: 0.6343333820866093
epoch: 46
lr: 0.0003143473067309657
save_time: 09/11/2025 21:40:32
step: 10339
