cv_loss: 0.1428710472401044
epoch: 46
lr: 0.0003143473067309657
save_time: 19/11/2025 02:21:11
step: 10339
