cv_loss: 0.6723762134518952
epoch: 46
lr: 0.0003143473067309657
save_time: 08/11/2025 21:10:31
step: 10339
