cv_loss: 0.3629744991347298
epoch: 46
lr: 0.0003143473067309657
save_time: 17/11/2025 00:38:24
step: 10339
