cv_loss: 0.14879635446113731
epoch: 47
lr: 0.00031098520678556144
save_time: 19/11/2025 02:22:33
step: 10559
