cv_loss: 0.38072003131705656
epoch: 47
lr: 0.00031098520678556144
save_time: 17/11/2025 00:39:47
step: 10559
