cv_loss: 0.6781767215859051
epoch: 47
lr: 0.00031098520678556144
save_time: 09/11/2025 21:41:56
step: 10559
