cv_loss: 0.14025506373247834
epoch: 48
lr: 0.00030772872744833183
save_time: 19/11/2025 02:23:56
step: 10779
