cv_loss: 0.6577796566212268
epoch: 48
lr: 0.00030772872744833183
save_time: 09/11/2025 21:43:20
step: 10779
