cv_loss: 0.35715887434122684
epoch: 48
lr: 0.00030772872744833183
save_time: 17/11/2025 00:41:11
step: 10779
