cv_loss: 0.35715887434122684
epoch: 48
lr: 0.00030772872744833183
save_time: 13/11/2025 07:59:55
step: 10779
