cv_loss: 0.7345872456055806
epoch: 49
lr: 0.0003045724519365863
save_time: 08/11/2025 21:14:49
step: 10999
