cv_loss: 0.37050657433615014
epoch: 49
lr: 0.0003045724519365863
save_time: 13/11/2025 08:01:02
step: 10999
