cv_loss: 0.14532820552200207
epoch: 49
lr: 0.0003045724519365863
save_time: 19/11/2025 02:25:20
step: 10999
