cv_loss: 0.37050657433615014
epoch: 49
lr: 0.0003045724519365863
save_time: 17/11/2025 00:42:34
step: 10999
