cv_loss: 0.6928037540470112
epoch: 49
lr: 0.0003045724519365863
save_time: 09/11/2025 21:44:44
step: 10999
