cv_loss: 0.42342052027528504
epoch: 5
lr: 0.0009534625892455922
save_time: 12/11/2025 22:22:44
step: 1319
