cv_loss: 0.42342052027528504
epoch: 5
lr: 0.0009534625892455922
save_time: 16/11/2025 23:42:37
step: 1319
