cv_loss: 0.369457746100243
epoch: 5
lr: 0.0009534625892455922
save_time: 09/11/2025 20:32:08
step: 1319
