cv_loss: 0.16080783590083517
epoch: 5
lr: 0.0009534625892455922
save_time: 19/11/2025 01:23:58
step: 1319
