cv_loss: 0.6822686936608238
epoch: 50
lr: 0.0003015113445777636
save_time: 09/11/2025 21:46:07
step: 11219
