cv_loss: 0.37317384892167826
epoch: 50
lr: 0.0003015113445777636
save_time: 13/11/2025 08:02:11
step: 11219
