cv_loss: 0.14717901489886392
epoch: 50
lr: 0.0003015113445777636
save_time: 19/11/2025 02:26:43
step: 11219
