cv_loss: 0.6848124087710891
epoch: 51
lr: 0.000298540717013266
save_time: 09/11/2025 21:47:31
step: 11439
