cv_loss: 0.37813398171488105
epoch: 51
lr: 0.000298540717013266
save_time: 13/11/2025 08:03:19
step: 11439
