cv_loss: 0.14626067560023365
epoch: 51
lr: 0.000298540717013266
save_time: 19/11/2025 02:28:05
step: 11439
