cv_loss: 0.662281871914506
epoch: 51
lr: 0.000298540717013266
save_time: 08/11/2025 21:17:41
step: 11439
