cv_loss: 0.38439454594599093
epoch: 52
lr: 0.0002956561979945413
save_time: 13/11/2025 08:04:47
step: 11659
