cv_loss: 0.38439454594599093
epoch: 52
lr: 0.0002956561979945413
save_time: 17/11/2025 00:46:37
step: 11659
