cv_loss: 0.7000240791801292
epoch: 52
lr: 0.0002956561979945413
save_time: 08/11/2025 21:19:07
step: 11659
