cv_loss: 0.7016506057228894
epoch: 52
lr: 0.0002956561979945413
save_time: 09/11/2025 21:48:54
step: 11659
