cv_loss: 0.14570784103032233
epoch: 52
lr: 0.0002956561979945413
save_time: 19/11/2025 02:29:28
step: 11659
