cv_loss: 0.7395261319547206
epoch: 53
lr: 0.0002928537063287114
save_time: 09/11/2025 21:50:18
step: 11879
