cv_loss: 0.413702555455116
epoch: 53
lr: 0.0002928537063287114
save_time: 13/11/2025 08:06:13
step: 11879
