cv_loss: 0.15112480365288572
epoch: 53
lr: 0.0002928537063287114
save_time: 19/11/2025 02:30:51
step: 11879
