cv_loss: 0.7461073189248884
epoch: 53
lr: 0.0002928537063287114
save_time: 08/11/2025 21:20:30
step: 11879
