cv_loss: 0.413702555455116
epoch: 53
lr: 0.0002928537063287114
save_time: 17/11/2025 00:47:59
step: 11879
