cv_loss: 0.3938421582190524
epoch: 54
lr: 0.0002901294265928297
save_time: 13/11/2025 08:17:49
step: 12099
