cv_loss: 0.1627851000768826
epoch: 54
lr: 0.0002901294265928297
save_time: 19/11/2025 02:32:15
step: 12099
