cv_loss: 0.3938421582190524
epoch: 54
lr: 0.0002901294265928297
save_time: 17/11/2025 00:49:22
step: 12099
