cv_loss: 0.7188206134498696
epoch: 54
lr: 0.0002901294265928297
save_time: 09/11/2025 21:51:44
step: 12099
