cv_loss: 0.7216729658200557
epoch: 55
lr: 0.00028747978728803445
save_time: 09/11/2025 21:53:10
step: 12319
