cv_loss: 0.7064857867430624
epoch: 55
lr: 0.00028747978728803445
save_time: 08/11/2025 21:22:57
step: 12319
