cv_loss: 0.45970826347999993
epoch: 55
lr: 0.00028747978728803445
save_time: 17/11/2025 00:50:43
step: 12319
