cv_loss: 0.22473039353183807
epoch: 55
lr: 0.00028747978728803445
save_time: 19/11/2025 02:33:38
step: 12319
