cv_loss: 0.40342550909705893
epoch: 56
lr: 0.0002849014411490949
save_time: 17/11/2025 00:52:07
step: 12539
