cv_loss: 0.15418078875748248
epoch: 56
lr: 0.0002849014411490949
save_time: 19/11/2025 02:35:00
step: 12539
