cv_loss: 0.7334503669494075
epoch: 56
lr: 0.0002849014411490949
save_time: 09/11/2025 21:54:34
step: 12539
