cv_loss: 0.4340138575586626
epoch: 57
lr: 0.0002823912473624525
save_time: 13/11/2025 08:21:17
step: 12759
