cv_loss: 0.7495943157722933
epoch: 57
lr: 0.0002823912473624525
save_time: 09/11/2025 21:55:58
step: 12759
