cv_loss: 0.1636683332626123
epoch: 57
lr: 0.0002823912473624525
save_time: 19/11/2025 02:36:23
step: 12759
