cv_loss: 0.71723673868799
epoch: 57
lr: 0.0002823912473624525
save_time: 08/11/2025 21:25:25
step: 12759
