cv_loss: 0.4340138575586626
epoch: 57
lr: 0.0002823912473624525
save_time: 17/11/2025 00:53:28
step: 12759
