cv_loss: 0.7330344145157384
epoch: 58
lr: 0.00027994625547792716
save_time: 08/11/2025 21:26:37
step: 12979
