cv_loss: 0.3679447970919433
epoch: 58
lr: 0.00027994625547792716
save_time: 19/11/2025 02:37:46
step: 12979
