cv_loss: 0.7520141471667673
epoch: 58
lr: 0.00027994625547792716
save_time: 09/11/2025 21:57:22
step: 12979
