cv_loss: 0.8747829492391646
epoch: 58
lr: 0.00027994625547792716
save_time: 13/11/2025 08:22:38
step: 12979
