cv_loss: 0.8747829492391646
epoch: 58
lr: 0.00027994625547792716
save_time: 17/11/2025 00:54:49
step: 12979
