cv_loss: 0.1660269549472139
epoch: 59
lr: 0.0002775636908266844
save_time: 19/11/2025 02:39:09
step: 13199
