cv_loss: 0.4169122551489337
epoch: 59
lr: 0.0002775636908266844
save_time: 17/11/2025 00:56:13
step: 13199
