cv_loss: 0.7321426944707243
epoch: 59
lr: 0.0002775636908266844
save_time: 09/11/2025 21:58:50
step: 13199
