cv_loss: 0.4169122551489337
epoch: 59
lr: 0.0002775636908266844
save_time: 13/11/2025 08:23:59
step: 13199
