cv_loss: 0.3941056133309669
epoch: 6
lr: 0.000870388279778489
save_time: 12/11/2025 22:24:48
step: 1539
