cv_loss: 0.1554917187859161
epoch: 6
lr: 0.000870388279778489
save_time: 19/11/2025 01:25:24
step: 1539
