cv_loss: 0.378054193221343
epoch: 6
lr: 0.000870388279778489
save_time: 08/11/2025 20:04:37
step: 1539
