cv_loss: 0.3778308307238715
epoch: 6
lr: 0.000870388279778489
save_time: 09/11/2025 20:33:51
step: 1539
