cv_loss: 0.20793175516586151
epoch: 60
lr: 0.0002752409412815901
save_time: 19/11/2025 02:40:31
step: 13419
