cv_loss: 0.7427669145472245
epoch: 60
lr: 0.0002752409412815901
save_time: 09/11/2025 22:00:30
step: 13419
