cv_loss: 0.7383835113116083
epoch: 60
lr: 0.0002752409412815901
save_time: 08/11/2025 21:29:06
step: 13419
