cv_loss: 0.46415350032782243
epoch: 60
lr: 0.0002752409412815901
save_time: 13/11/2025 08:26:46
step: 13419
