cv_loss: 0.1772562815860207
epoch: 61
lr: 0.000272975545216307
save_time: 19/11/2025 02:41:54
step: 13639
