cv_loss: 0.4487762755848733
epoch: 61
lr: 0.000272975545216307
save_time: 17/11/2025 00:58:56
step: 13639
