cv_loss: 0.4487762755848733
epoch: 61
lr: 0.000272975545216307
save_time: 13/11/2025 08:28:11
step: 13639
