cv_loss: 0.7465307482557668
epoch: 61
lr: 0.000272975545216307
save_time: 09/11/2025 22:02:13
step: 13639
