cv_loss: 0.7540241842149139
epoch: 62
lr: 0.0002707651805369412
save_time: 09/11/2025 22:03:59
step: 13859
