cv_loss: 0.7377793841741753
epoch: 62
lr: 0.0002708048909104827
save_time: 08/11/2025 21:31:45
step: 13855
