cv_loss: 0.5065362201615676
epoch: 62
lr: 0.0002707651805369412
save_time: 17/11/2025 01:00:18
step: 13859
