cv_loss: 0.19630184673301698
epoch: 62
lr: 0.0002707651805369412
save_time: 19/11/2025 02:43:17
step: 13859
