cv_loss: 0.5065362201615676
epoch: 62
lr: 0.0002707651805369412
save_time: 13/11/2025 08:31:41
step: 13859
