cv_loss: 0.46848984896362084
epoch: 63
lr: 0.0002686076546751268
save_time: 19/11/2025 02:44:39
step: 14079
