cv_loss: 1.1359394619521281
epoch: 63
lr: 0.0002686076546751268
save_time: 13/11/2025 08:33:54
step: 14079
