cv_loss: 1.1359394619521281
epoch: 63
lr: 0.0002686076546751268
save_time: 17/11/2025 01:01:40
step: 14079
