cv_loss: 0.7818392359070363
epoch: 63
lr: 0.0002686076546751268
save_time: 09/11/2025 22:05:33
step: 14079
