cv_loss: 0.7896498575563313
epoch: 64
lr: 0.00026650089544451305
save_time: 09/11/2025 22:07:24
step: 14299
