cv_loss: 0.30596324033794386
epoch: 64
lr: 0.00026650089544451305
save_time: 19/11/2025 02:46:03
step: 14299
