cv_loss: 0.6976437723584987
epoch: 64
lr: 0.00026650089544451305
save_time: 13/11/2025 08:36:20
step: 14299
