cv_loss: 0.6976437723584987
epoch: 64
lr: 0.00026650089544451305
save_time: 17/11/2025 01:03:03
step: 14299
