cv_loss: 0.47482110507803654
epoch: 65
lr: 0.0002644429426739725
save_time: 17/11/2025 01:04:23
step: 14519
