cv_loss: 0.17587757063920956
epoch: 65
lr: 0.0002644429426739725
save_time: 19/11/2025 02:47:27
step: 14519
