cv_loss: 0.7765470962054092
epoch: 65
lr: 0.0002644429426739725
save_time: 09/11/2025 22:09:08
step: 14519
