cv_loss: 0.7684008116247018
epoch: 65
lr: 0.0002644799354618256
save_time: 08/11/2025 21:35:33
step: 14515
