cv_loss: 0.7558571134396928
epoch: 66
lr: 0.00026243194054073897
save_time: 09/11/2025 22:10:38
step: 14739
