cv_loss: 0.544793677902031
epoch: 66
lr: 0.00026243194054073897
save_time: 13/11/2025 08:42:09
step: 14739
