cv_loss: 0.2223277277685888
epoch: 66
lr: 0.00026243194054073897
save_time: 19/11/2025 02:48:50
step: 14739
