cv_loss: 0.8133038396797193
epoch: 67
lr: 0.0002604661305353116
save_time: 09/11/2025 22:12:18
step: 14959
