cv_loss: 0.8284494087164579
epoch: 67
lr: 0.0002605014791315978
save_time: 08/11/2025 21:37:58
step: 14955
