cv_loss: 0.5087110985123845
epoch: 67
lr: 0.0002604661305353116
save_time: 17/11/2025 01:07:06
step: 14959
