cv_loss: 0.18841883255139624
epoch: 67
lr: 0.0002604661305353116
save_time: 19/11/2025 02:50:13
step: 14959
