cv_loss: 0.21075832222112614
epoch: 68
lr: 0.00025854384499750954
save_time: 19/11/2025 02:51:36
step: 15179
