cv_loss: 0.5307761739389534
epoch: 68
lr: 0.00025854384499750954
save_time: 13/11/2025 08:49:21
step: 15179
