cv_loss: 0.7983104879162543
epoch: 68
lr: 0.00025854384499750954
save_time: 09/11/2025 22:14:02
step: 15179
