cv_loss: 0.5307761739389534
epoch: 68
lr: 0.00025854384499750954
save_time: 17/11/2025 01:08:26
step: 15179
