cv_loss: 0.5204491170792928
epoch: 69
lr: 0.0002566635011696726
save_time: 13/11/2025 08:54:18
step: 15399
