cv_loss: 0.18881659101979092
epoch: 69
lr: 0.0002566635011696726
save_time: 19/11/2025 02:52:59
step: 15399
