cv_loss: 0.5204491170792928
epoch: 69
lr: 0.0002566635011696726
save_time: 17/11/2025 01:09:48
step: 15399
