cv_loss: 0.7917856184969898
epoch: 69
lr: 0.0002566635011696726
save_time: 09/11/2025 22:15:41
step: 15399
