cv_loss: 0.3844664002291086
epoch: 7
lr: 0.0008058229640253802
save_time: 09/11/2025 20:35:31
step: 1759
