cv_loss: 0.3858701462191131
epoch: 7
lr: 0.0008058229640253802
save_time: 16/11/2025 23:45:18
step: 1759
