cv_loss: 0.15351545861346527
epoch: 7
lr: 0.0008058229640253802
save_time: 19/11/2025 01:26:48
step: 1759
