cv_loss: 0.3858701462191131
epoch: 7
lr: 0.0008058229640253802
save_time: 12/11/2025 22:28:22
step: 1759
