cv_loss: 0.20589920301431022
epoch: 70
lr: 0.00025482359571881276
save_time: 19/11/2025 02:54:21
step: 15619
