cv_loss: 0.5438053500688064
epoch: 70
lr: 0.00025482359571881276
save_time: 17/11/2025 01:11:09
step: 15619
