cv_loss: 0.5438053500688064
epoch: 70
lr: 0.00025482359571881276
save_time: 13/11/2025 08:58:49
step: 15619
