cv_loss: 0.8686915968545712
epoch: 70
lr: 0.00025482359571881276
save_time: 09/11/2025 22:17:25
step: 15619
