cv_loss: 0.19840009805958336
epoch: 71
lr: 0.0002530226996846287
save_time: 19/11/2025 02:55:44
step: 15839
