cv_loss: 0.5250472678458122
epoch: 71
lr: 0.0002530226996846287
save_time: 13/11/2025 09:03:06
step: 15839
