cv_loss: 0.7614981816316279
epoch: 71
lr: 0.0002530226996846287
save_time: 09/11/2025 22:19:14
step: 15839
