cv_loss: 0.7790184446034214
epoch: 72
lr: 0.000251259453814803
save_time: 09/11/2025 22:20:56
step: 16059
