cv_loss: 0.22985997229010136
epoch: 72
lr: 0.000251259453814803
save_time: 19/11/2025 02:57:06
step: 16059
