cv_loss: 0.560710566991649
epoch: 72
lr: 0.000251259453814803
save_time: 17/11/2025 01:13:57
step: 16059
