cv_loss: 0.21293613661213423
epoch: 73
lr: 0.0002495325642529748
save_time: 19/11/2025 02:58:29
step: 16279
