cv_loss: 0.7887245882991472
epoch: 73
lr: 0.0002495325642529748
save_time: 09/11/2025 22:22:32
step: 16279
