cv_loss: 0.5795928954045322
epoch: 73
lr: 0.0002495325642529748
save_time: 17/11/2025 01:15:28
step: 16279
