cv_loss: 0.20938677907546177
epoch: 74
lr: 0.0002478407985483048
save_time: 19/11/2025 02:59:51
step: 16499
