cv_loss: 0.564056525664185
epoch: 74
lr: 0.0002478407985483048
save_time: 13/11/2025 09:15:58
step: 16499
