cv_loss: 0.770589402420288
epoch: 74
lr: 0.0002478407985483048
save_time: 09/11/2025 22:24:37
step: 16499
