cv_loss: 0.7932530894195267
epoch: 74
lr: 0.00024787125143267957
save_time: 08/11/2025 21:46:35
step: 16495
