cv_loss: 0.564056525664185
epoch: 74
lr: 0.0002478407985483048
save_time: 17/11/2025 01:16:50
step: 16499
