cv_loss: 0.23145914296236328
epoch: 75
lr: 0.00024618298195866543
save_time: 19/11/2025 03:01:14
step: 16719
