cv_loss: 0.5977639582744244
epoch: 75
lr: 0.00024618298195866543
save_time: 17/11/2025 01:18:11
step: 16719
