cv_loss: 0.5977639582744244
epoch: 75
lr: 0.00024618298195866543
save_time: 13/11/2025 09:20:23
step: 16719
