cv_loss: 0.8514070820705131
epoch: 75
lr: 0.00024618298195866543
save_time: 09/11/2025 22:26:26
step: 16719
