cv_loss: 0.21288021778273844
epoch: 76
lr: 0.0002445579940222592
save_time: 19/11/2025 03:02:36
step: 16939
