cv_loss: 0.8174854838740861
epoch: 76
lr: 0.0002445579940222592
save_time: 09/11/2025 22:28:16
step: 16939
