cv_loss: 0.828260004580001
epoch: 76
lr: 0.0002445872526206797
save_time: 08/11/2025 21:49:01
step: 16935
