cv_loss: 0.5672279068804789
epoch: 76
lr: 0.0002445579940222592
save_time: 17/11/2025 01:19:32
step: 16939
