cv_loss: 0.5672279068804789
epoch: 76
lr: 0.0002445579940222592
save_time: 13/11/2025 09:24:47
step: 16939
