cv_loss: 0.8129766745314683
epoch: 77
lr: 0.00024296476537493124
save_time: 09/11/2025 22:30:02
step: 17159
