cv_loss: 0.5948318645819868
epoch: 77
lr: 0.00024296476537493124
save_time: 17/11/2025 01:20:53
step: 17159
