cv_loss: 0.5948318645819868
epoch: 77
lr: 0.00024296476537493124
save_time: 13/11/2025 09:29:21
step: 17159
