cv_loss: 0.22896225652627966
epoch: 77
lr: 0.00024296476537493124
save_time: 19/11/2025 03:04:00
step: 17159
