cv_loss: 0.22843362579183632
epoch: 78
lr: 0.0002414022747926338
save_time: 19/11/2025 03:05:24
step: 17379
