cv_loss: 0.6096706951272285
epoch: 78
lr: 0.0002414022747926338
save_time: 13/11/2025 09:34:42
step: 17379
