cv_loss: 0.7816285937676943
epoch: 78
lr: 0.0002414022747926338
save_time: 09/11/2025 22:31:42
step: 17379
