cv_loss: 0.6714567139878824
epoch: 79
lr: 0.00023986954644045832
save_time: 17/11/2025 01:23:39
step: 17599
