cv_loss: 0.26002459697268954
epoch: 79
lr: 0.00023986954644045832
save_time: 19/11/2025 03:06:47
step: 17599
