cv_loss: 0.8208415362088929
epoch: 79
lr: 0.00023986954644045832
save_time: 09/11/2025 22:33:22
step: 17599
