cv_loss: 0.3642558842966931
epoch: 8
lr: 0.0007537783614444091
save_time: 08/11/2025 20:07:39
step: 1979
