cv_loss: 0.1520534761942692
epoch: 8
lr: 0.0007537783614444091
save_time: 19/11/2025 01:28:10
step: 1979
