cv_loss: 0.382306598814596
epoch: 8
lr: 0.0007537783614444091
save_time: 12/11/2025 22:29:42
step: 1979
