cv_loss: 0.35939042725510617
epoch: 8
lr: 0.0007537783614444091
save_time: 09/11/2025 20:37:23
step: 1979
