cv_loss: 0.6421414435763869
epoch: 80
lr: 0.00023836564731139804
save_time: 17/11/2025 01:24:58
step: 17819
