cv_loss: 0.23598356202855503
epoch: 80
lr: 0.00023836564731139804
save_time: 19/11/2025 03:08:10
step: 17819
