cv_loss: 0.795881322565495
epoch: 80
lr: 0.00023836564731139804
save_time: 09/11/2025 22:35:05
step: 17819
