cv_loss: 0.8537206876996913
epoch: 81
lr: 0.0002369162762618701
save_time: 08/11/2025 21:55:12
step: 18035
