cv_loss: 0.8148303541569899
epoch: 81
lr: 0.00023688968483956714
save_time: 09/11/2025 22:36:50
step: 18039
