cv_loss: 0.24503063943059553
epoch: 81
lr: 0.00023688968483956714
save_time: 19/11/2025 03:09:32
step: 18039
