cv_loss: 0.6556851323228484
epoch: 81
lr: 0.00023688968483956714
save_time: 17/11/2025 01:26:20
step: 18039
