cv_loss: 0.24293702528978023
epoch: 82
lr: 0.00023544080467400555
save_time: 19/11/2025 03:10:56
step: 18259
