cv_loss: 0.623065686074943
epoch: 82
lr: 0.00023544080467400555
save_time: 17/11/2025 01:27:44
step: 18259
