cv_loss: 0.8695618206959731
epoch: 82
lr: 0.00023544080467400555
save_time: 09/11/2025 22:38:23
step: 18259
