cv_loss: 0.623065686074943
epoch: 82
lr: 0.00023544080467400555
save_time: 13/11/2025 09:40:11
step: 18259
