cv_loss: 0.6762775569230626
epoch: 83
lr: 0.0002340181886004545
save_time: 17/11/2025 01:29:07
step: 18479
