cv_loss: 0.883910439285347
epoch: 83
lr: 0.0002340181886004545
save_time: 09/11/2025 22:40:02
step: 18479
