cv_loss: 0.250043120435062
epoch: 83
lr: 0.0002340181886004545
save_time: 19/11/2025 03:12:20
step: 18479
