cv_loss: 0.24494408111260835
epoch: 84
lr: 0.00023262105259961772
save_time: 19/11/2025 03:13:43
step: 18699
