cv_loss: 0.847721488147686
epoch: 84
lr: 0.0002326462321258699
save_time: 08/11/2025 21:58:55
step: 18695
