cv_loss: 0.8485128406046709
epoch: 84
lr: 0.00023262105259961772
save_time: 09/11/2025 22:41:36
step: 18699
