cv_loss: 0.6664953453069685
epoch: 84
lr: 0.00023262105259961772
save_time: 13/11/2025 09:43:07
step: 18699
