cv_loss: 0.6664953453069685
epoch: 84
lr: 0.00023262105259961772
save_time: 17/11/2025 01:30:29
step: 18699
