cv_loss: 0.7961959520684445
epoch: 85
lr: 0.00023124864503144013
save_time: 09/11/2025 22:43:15
step: 18919
