cv_loss: 0.6600780353590633
epoch: 85
lr: 0.00023124864503144013
save_time: 13/11/2025 09:45:06
step: 18919
