cv_loss: 0.8301301653565506
epoch: 85
lr: 0.00023127338147532875
save_time: 08/11/2025 22:00:08
step: 18915
