cv_loss: 0.2444204346452781
epoch: 85
lr: 0.00023124864503144013
save_time: 19/11/2025 03:15:06
step: 18919
