cv_loss: 0.805538055579768
epoch: 86
lr: 0.00022990024493585142
save_time: 09/11/2025 22:44:51
step: 19139
