cv_loss: 0.24288695371377392
epoch: 86
lr: 0.00022990024493585142
save_time: 19/11/2025 03:16:30
step: 19139
