cv_loss: 0.6471172178717146
epoch: 86
lr: 0.00022990024493585142
save_time: 17/11/2025 01:33:11
step: 19139
