cv_loss: 0.8145195589348381
epoch: 86
lr: 0.00022992455114144198
save_time: 08/11/2025 22:01:21
step: 19135
