cv_loss: 0.8328055866715591
epoch: 87
lr: 0.0002285751604412472
save_time: 09/11/2025 22:46:44
step: 19359
