cv_loss: 0.254567319037556
epoch: 87
lr: 0.0002285751604412472
save_time: 19/11/2025 03:17:53
step: 19359
