cv_loss: 0.6614367352529829
epoch: 87
lr: 0.0002285751604412472
save_time: 17/11/2025 01:34:34
step: 19359
