cv_loss: 0.863568763342034
epoch: 87
lr: 0.00022859904873732967
save_time: 08/11/2025 22:02:36
step: 19355
