cv_loss: 0.706980335478066
epoch: 88
lr: 0.00022727272727272727
save_time: 17/11/2025 01:35:56
step: 19579
