cv_loss: 0.871269780768827
epoch: 88
lr: 0.00022729620949909284
save_time: 08/11/2025 22:03:49
step: 19575
