cv_loss: 0.8658670745504494
epoch: 88
lr: 0.00022727272727272727
save_time: 09/11/2025 22:48:25
step: 19579
