cv_loss: 0.706980335478066
epoch: 88
lr: 0.00022727272727272727
save_time: 13/11/2025 09:51:07
step: 19579
