cv_loss: 0.27032453183212585
epoch: 88
lr: 0.00022727272727272727
save_time: 19/11/2025 03:19:16
step: 19579
