cv_loss: 0.7327108234613985
epoch: 89
lr: 0.0002259923073527843
save_time: 13/11/2025 09:53:09
step: 19799
