cv_loss: 0.8930093782895885
epoch: 89
lr: 0.0002259923073527843
save_time: 09/11/2025 22:50:01
step: 19799
