cv_loss: 0.7327108234613985
epoch: 89
lr: 0.0002259923073527843
save_time: 17/11/2025 01:37:18
step: 19799
