cv_loss: 0.29120615961868657
epoch: 89
lr: 0.0002259923073527843
save_time: 19/11/2025 03:20:39
step: 19799
