cv_loss: 0.3655822534872587
epoch: 9
lr: 0.0007106690545187014
save_time: 08/11/2025 20:09:06
step: 2199
