cv_loss: 0.15392172305792898
epoch: 9
lr: 0.0007106690545187014
save_time: 19/11/2025 01:29:33
step: 2199
