cv_loss: 0.38233553119914926
epoch: 9
lr: 0.0007106690545187014
save_time: 12/11/2025 22:32:18
step: 2199
