cv_loss: 0.36227995457151896
epoch: 9
lr: 0.0007106690545187014
save_time: 09/11/2025 20:38:55
step: 2199
