cv_loss: 0.8606503324403798
epoch: 90
lr: 0.00022473328748774733
save_time: 13/11/2025 09:55:10
step: 20019
