cv_loss: 0.865995750868968
epoch: 90
lr: 0.0002247559912598402
save_time: 08/11/2025 22:06:14
step: 20015
