cv_loss: 0.8606503324403798
epoch: 90
lr: 0.00022473328748774733
save_time: 17/11/2025 01:38:39
step: 20019
