cv_loss: 0.36509172573204
epoch: 90
lr: 0.00022473328748774733
save_time: 19/11/2025 03:22:02
step: 20019
