cv_loss: 0.8802131707173354
epoch: 90
lr: 0.00022473328748774733
save_time: 09/11/2025 22:51:39
step: 20019
