cv_loss: 0.31964685997538705
epoch: 91
lr: 0.0002234950781338371
save_time: 19/11/2025 03:23:25
step: 20239
