cv_loss: 0.7702263314816921
epoch: 91
lr: 0.0002234950781338371
save_time: 13/11/2025 09:57:08
step: 20239
