cv_loss: 0.9252642897993912
epoch: 91
lr: 0.0002234950781338371
save_time: 09/11/2025 22:53:08
step: 20239
