cv_loss: 0.7702263314816921
epoch: 91
lr: 0.0002234950781338371
save_time: 17/11/2025 01:40:01
step: 20239
