cv_loss: 0.6876003748176496
epoch: 92
lr: 0.00022227711223719352
save_time: 13/11/2025 09:59:07
step: 20459
