cv_loss: 0.9042478628613002
epoch: 92
lr: 0.00022229907963480975
save_time: 08/11/2025 22:08:45
step: 20455
