cv_loss: 0.27344385481643424
epoch: 92
lr: 0.00022227711223719352
save_time: 19/11/2025 03:24:48
step: 20459
