cv_loss: 0.6876003748176496
epoch: 92
lr: 0.00022227711223719352
save_time: 17/11/2025 01:41:23
step: 20459
