cv_loss: 0.8826473739615125
epoch: 92
lr: 0.00022227711223719352
save_time: 09/11/2025 22:54:48
step: 20459
