cv_loss: 0.30020713974975893
epoch: 93
lr: 0.00022107884414269093
save_time: 19/11/2025 03:26:11
step: 20679
