cv_loss: 0.7349160056398615
epoch: 93
lr: 0.00022107884414269093
save_time: 13/11/2025 10:01:09
step: 20679
