cv_loss: 0.7349160056398615
epoch: 93
lr: 0.00022107884414269093
save_time: 17/11/2025 01:42:45
step: 20679
