cv_loss: 0.89062261644978
epoch: 93
lr: 0.000221100458147156
save_time: 08/11/2025 22:09:58
step: 20675
