cv_loss: 0.9219545556957902
epoch: 93
lr: 0.00022107884414269093
save_time: 09/11/2025 22:56:20
step: 20679
