cv_loss: 0.9230601563131122
epoch: 94
lr: 0.0002199210185526571
save_time: 08/11/2025 22:11:13
step: 20895
