cv_loss: 0.8902279635899387
epoch: 94
lr: 0.00021989974856677122
save_time: 09/11/2025 22:58:02
step: 20899
