cv_loss: 0.7184097882867932
epoch: 94
lr: 0.00021989974856677122
save_time: 13/11/2025 10:03:01
step: 20899
