cv_loss: 0.2869106613171573
epoch: 94
lr: 0.00021989974856677122
save_time: 19/11/2025 03:27:34
step: 20899
