cv_loss: 0.7184097882867932
epoch: 94
lr: 0.00021989974856677122
save_time: 17/11/2025 01:44:08
step: 20899
