cv_loss: 0.3084236623763402
epoch: 95
lr: 0.00021873931962990354
save_time: 19/11/2025 03:28:57
step: 21119
