cv_loss: 0.9127962771990584
epoch: 95
lr: 0.00021873931962990354
save_time: 09/11/2025 22:59:39
step: 21119
