cv_loss: 0.7377654115425194
epoch: 95
lr: 0.00021873931962990354
save_time: 13/11/2025 10:05:28
step: 21119
