cv_loss: 0.7463253396465476
epoch: 96
lr: 0.00021759706994462226
save_time: 17/11/2025 01:46:52
step: 21339
