cv_loss: 0.29117137203610605
epoch: 96
lr: 0.00021759706994462226
save_time: 19/11/2025 03:30:20
step: 21339
