cv_loss: 0.8562615496919219
epoch: 96
lr: 0.00021759706994462226
save_time: 09/11/2025 23:01:02
step: 21339
