cv_loss: 0.2813927508997385
epoch: 97
lr: 0.0002164725297554095
save_time: 19/11/2025 03:31:41
step: 21559
