cv_loss: 0.872091274188384
epoch: 97
lr: 0.0002164725297554095
save_time: 09/11/2025 23:02:25
step: 21559
