cv_loss: 0.7279855366430057
epoch: 97
lr: 0.0002164725297554095
save_time: 13/11/2025 10:10:50
step: 21559
