cv_loss: 0.8850712650658805
epoch: 98
lr: 0.000215365246126974
save_time: 09/11/2025 23:03:47
step: 21779
