cv_loss: 0.8849656232314601
epoch: 98
lr: 0.00021538522713050794
save_time: 08/11/2025 22:16:03
step: 21775
