cv_loss: 0.7608481046955652
epoch: 98
lr: 0.000215365246126974
save_time: 17/11/2025 01:49:36
step: 21779
