cv_loss: 0.7608481046955652
epoch: 98
lr: 0.000215365246126974
save_time: 13/11/2025 10:12:19
step: 21779
