cv_loss: 0.30443580378615354
epoch: 98
lr: 0.000215365246126974
save_time: 19/11/2025 03:33:05
step: 21779
