cv_loss: 0.9093413240549685
epoch: 99
lr: 0.00021427478217774166
save_time: 09/11/2025 23:05:10
step: 21999
