cv_loss: 0.9849322195729984
epoch: 99
lr: 0.00021427478217774166
save_time: 17/11/2025 01:50:56
step: 21999
