cv_loss: 0.953212103339999
epoch: 99
lr: 0.00021429446117692702
save_time: 08/11/2025 22:17:17
step: 21995
