cv_loss: 0.3566126397791325
epoch: 99
lr: 0.00021427478217774166
save_time: 19/11/2025 03:34:27
step: 21999
