cv_loss: 0.9849322195729984
epoch: 99
lr: 0.00021427478217774166
save_time: 13/11/2025 10:15:16
step: 21999
