cv_loss: 0.41078523134080935
epoch: 1
lr: 0.00022
save_time: 18/06/2026 14:05:47
step: 439
