cv_loss: 0.15759689982276645
epoch: 1
lr: 0.00028000000000000003
save_time: 11/07/2026 13:28:37
step: 559
