cv_loss: 0.14675918548196923
epoch: 10
lr: 0.0005976143046671967
save_time: 11/07/2026 14:43:58
step: 3079
