cv_loss: 0.3955915744048045
epoch: 10
lr: 0.0006741998624632421
save_time: 18/06/2026 15:55:26
step: 2419
