cv_loss: 0.3920420016181028
epoch: 11
lr: 0.000642824346533225
save_time: 18/06/2026 16:03:28
step: 2639
