cv_loss: 0.14407629446957915
epoch: 11
lr: 0.0005698028822981898
save_time: 11/07/2026 15:02:13
step: 3359
