cv_loss: 0.1439594037729039
epoch: 12
lr: 0.0005455447255899809
save_time: 11/07/2026 15:18:16
step: 3639
