cv_loss: 0.3890918755841152
epoch: 12
lr: 0.0006154574548966637
save_time: 18/06/2026 16:10:41
step: 2859
