cv_loss: 0.39403190496801255
epoch: 13
lr: 0.0005913123959890826
save_time: 18/06/2026 16:17:55
step: 3079
