cv_loss: 0.14216217998463646
epoch: 13
lr: 0.0005241424183609592
save_time: 11/07/2026 15:34:07
step: 3919
