cv_loss: 0.3894778449548876
epoch: 14
lr: 0.0005698028822981898
save_time: 18/06/2026 16:24:35
step: 3299
