cv_loss: 0.1432232422178803
epoch: 14
lr: 0.0005050762722761053
save_time: 11/07/2026 15:46:49
step: 4199
