cv_loss: 0.3829823051520643
epoch: 15
lr: 0.0005504818825631802
save_time: 18/06/2026 16:31:27
step: 3519
