cv_loss: 0.13944858468520327
epoch: 15
lr: 0.00048795003647426655
save_time: 11/07/2026 15:59:34
step: 4479
