cv_loss: 0.3875884025425007
epoch: 16
lr: 0.0005330017908890261
save_time: 18/06/2026 16:37:59
step: 3739
