cv_loss: 0.14025886971050402
epoch: 16
lr: 0.00047245559126153397
save_time: 11/07/2026 16:15:12
step: 4759
