cv_loss: 0.13919261888399476
epoch: 17
lr: 0.0004583492485141056
save_time: 11/07/2026 16:29:26
step: 5039
