cv_loss: 0.37933131509206963
epoch: 17
lr: 0.0005170876899950191
save_time: 18/06/2026 16:44:24
step: 3959
