cv_loss: 0.37793443028984847
epoch: 18
lr: 0.000502518907629606
save_time: 18/06/2026 16:50:55
step: 4179
