cv_loss: 0.13746880205898673
epoch: 18
lr: 0.000445435403187374
save_time: 11/07/2026 16:40:06
step: 5319
