cv_loss: 0.13455047989956184
epoch: 19
lr: 0.00043355498476206
save_time: 11/07/2026 16:49:23
step: 5599
