cv_loss: 0.3778033417806908
epoch: 19
lr: 0.0004891159880445184
save_time: 18/06/2026 17:00:44
step: 4399
