cv_loss: 0.4043952191682388
epoch: 2
lr: 0.00044
save_time: 18/06/2026 14:17:23
step: 659
