cv_loss: 0.15760655057148232
epoch: 2
lr: 0.0005600000000000001
save_time: 11/07/2026 13:34:21
step: 839
