cv_loss: 0.13310034070083276
epoch: 20
lr: 0.0004225771273642583
save_time: 11/07/2026 23:44:37
step: 5879
