cv_loss: 0.37421486310981106
epoch: 20
lr: 0.0004767312946227961
save_time: 18/06/2026 17:08:28
step: 4619
