cv_loss: 0.3752062545939709
epoch: 21
lr: 0.00046524210519923543
save_time: 18/06/2026 17:20:43
step: 4839
