cv_loss: 0.13660283604688303
epoch: 21
lr: 0.0004123930494211612
save_time: 11/07/2026 23:52:49
step: 6159
