cv_loss: 0.3709153244591522
epoch: 22
lr: 0.00045454545454545455
save_time: 18/06/2026 17:29:31
step: 5059
