cv_loss: 0.1299750575003168
epoch: 22
lr: 0.0004029114820126901
save_time: 12/07/2026 00:01:33
step: 6439
