cv_loss: 0.36678229399976314
epoch: 23
lr: 0.00044455422447438705
save_time: 18/06/2026 17:35:23
step: 5279
