cv_loss: 0.1294474156250043
epoch: 23
lr: 0.0003940552031195503
save_time: 12/07/2026 00:10:38
step: 6719
