cv_loss: 0.12920334120862922
epoch: 24
lr: 0.00038575837490522973
save_time: 12/07/2026 00:21:04
step: 6999
