cv_loss: 0.3705682813306921
epoch: 24
lr: 0.0004351941398892445
save_time: 18/06/2026 17:41:01
step: 5499
