cv_loss: 0.12789652873698332
epoch: 25
lr: 0.0003779644730092272
save_time: 12/07/2026 00:31:17
step: 7279
