cv_loss: 0.36167782253124287
epoch: 25
lr: 0.0004264014327112209
save_time: 18/06/2026 17:46:45
step: 5719
