cv_loss: 0.12733334031791457
epoch: 26
lr: 0.0003706246583305506
save_time: 12/07/2026 00:42:38
step: 7559
