cv_loss: 0.36932605528823537
epoch: 26
lr: 0.00041812100500354535
save_time: 18/06/2026 17:52:35
step: 5939
