cv_loss: 0.37187749705525963
epoch: 27
lr: 0.00041030496993110907
save_time: 18/06/2026 17:58:25
step: 6159
