cv_loss: 0.1280324798609884
epoch: 27
lr: 0.00036369648372665394
save_time: 12/07/2026 00:53:28
step: 7839
