cv_loss: 0.12428388669863417
epoch: 28
lr: 0.0003571428571428571
save_time: 12/07/2026 01:04:15
step: 8119
