cv_loss: 0.3631865325787591
epoch: 28
lr: 0.0004029114820126901
save_time: 18/06/2026 18:04:00
step: 6379
