cv_loss: 0.36273234111394376
epoch: 29
lr: 0.0003959037912324479
save_time: 18/06/2026 18:09:40
step: 6599
