cv_loss: 0.12648919326033206
epoch: 29
lr: 0.00035093120317179814
save_time: 12/07/2026 01:14:45
step: 8399
