cv_loss: 0.15576427745962096
epoch: 3
lr: 0.00084
save_time: 11/07/2026 13:40:06
step: 1119
