cv_loss: 0.42094622838898366
epoch: 3
lr: 0.00066
save_time: 18/06/2026 14:28:57
step: 879
