cv_loss: 0.3654766096666788
epoch: 30
lr: 0.00038924947208076146
save_time: 18/06/2026 18:15:23
step: 6819
