cv_loss: 0.12465893889577816
epoch: 30
lr: 0.00034503277967117707
save_time: 12/07/2026 01:24:34
step: 8679
