cv_loss: 0.3603138578251893
epoch: 31
lr: 0.0003829197905337418
save_time: 18/06/2026 18:20:56
step: 7039
