cv_loss: 0.12164201360271598
epoch: 31
lr: 0.0003394221166510653
save_time: 12/07/2026 01:33:25
step: 8959
