cv_loss: 0.3601244452475548
epoch: 32
lr: 0.00037688918072220455
save_time: 18/06/2026 18:26:28
step: 7259
