cv_loss: 0.12322133832158982
epoch: 32
lr: 0.00033407655239053044
save_time: 12/07/2026 01:42:24
step: 9239
