cv_loss: 0.1228014689332364
epoch: 33
lr: 0.00032897584747988446
save_time: 12/07/2026 01:51:42
step: 9519
