cv_loss: 0.35328371788572765
epoch: 33
lr: 0.0003711348095126027
save_time: 18/06/2026 18:31:46
step: 7479
