cv_loss: 0.35598340510368665
epoch: 34
lr: 0.0003656362120635653
save_time: 18/06/2026 18:37:11
step: 7699
