cv_loss: 0.11874946310336651
epoch: 34
lr: 0.00032410186177608217
save_time: 12/07/2026 02:00:50
step: 9799
