cv_loss: 0.11887302605440839
epoch: 35
lr: 0.00031943828249996994
save_time: 12/07/2026 02:10:03
step: 10079
