cv_loss: 0.358060488936028
epoch: 35
lr: 0.0003603749850782236
save_time: 18/06/2026 18:42:38
step: 7919
