cv_loss: 0.35621029154454337
epoch: 36
lr: 0.0003553345272593507
save_time: 18/06/2026 18:48:11
step: 8139
