cv_loss: 0.11991321499329415
epoch: 36
lr: 0.000314970394174356
save_time: 12/07/2026 02:19:18
step: 10359
