cv_loss: 0.11861545493983301
epoch: 37
lr: 0.0003106848830006
save_time: 12/07/2026 02:28:23
step: 10639
