cv_loss: 0.3488698514331702
epoch: 37
lr: 0.00035049981861639076
save_time: 18/06/2026 18:53:44
step: 8359
