cv_loss: 0.3609538341474231
epoch: 38
lr: 0.0003458572319330373
save_time: 18/06/2026 18:59:19
step: 8579
