cv_loss: 0.11785342365811166
epoch: 38
lr: 0.00030656966974248285
save_time: 12/07/2026 02:37:32
step: 10919
