cv_loss: 0.34999188404407394
epoch: 39
lr: 0.0003413943709994594
save_time: 18/06/2026 19:04:52
step: 8799
