cv_loss: 0.11589452624320984
epoch: 39
lr: 0.0003026137663344012
save_time: 12/07/2026 02:46:48
step: 11199
