cv_loss: 0.15935598488093933
epoch: 4
lr: 0.0009449111825230679
save_time: 11/07/2026 13:45:44
step: 1399
