cv_loss: 0.40680364106981326
epoch: 4
lr: 0.00088
save_time: 18/06/2026 14:40:38
step: 1099
