cv_loss: 0.11715981805177579
epoch: 40
lr: 0.00029880715233359837
save_time: 12/07/2026 02:56:05
step: 11479
