cv_loss: 0.36081862783320784
epoch: 40
lr: 0.00033709993123162105
save_time: 18/06/2026 19:10:36
step: 9019
