cv_loss: 0.34913964289023613
epoch: 41
lr: 0.00033296357910601344
save_time: 18/06/2026 19:16:09
step: 9239
