cv_loss: 0.11486524405061543
epoch: 41
lr: 0.0002951406680504776
save_time: 12/07/2026 03:05:15
step: 11759
