cv_loss: 0.3497675756381695
epoch: 42
lr: 0.00032897584747988446
save_time: 18/06/2026 19:21:49
step: 9459
