cv_loss: 0.11257363290279876
epoch: 42
lr: 0.00029160592175990214
save_time: 12/07/2026 03:14:34
step: 12039
