cv_loss: 0.35148825954493185
epoch: 43
lr: 0.00032512804438117755
save_time: 18/06/2026 19:27:22
step: 9679
