cv_loss: 0.11255583517633252
epoch: 43
lr: 0.0002881952088521175
save_time: 12/07/2026 03:23:52
step: 12319
