cv_loss: 0.3474390509723624
epoch: 44
lr: 0.0003214121732666125
save_time: 18/06/2026 19:33:00
step: 9899
