cv_loss: 0.11070844720737491
epoch: 44
lr: 0.0002849014411490949
save_time: 12/07/2026 03:32:54
step: 12599
