cv_loss: 0.11155566089513182
epoch: 45
lr: 0.0002817180849095055
save_time: 12/07/2026 03:41:55
step: 12879
