cv_loss: 0.348795118708485
epoch: 45
lr: 0.0003178208630818641
save_time: 18/06/2026 19:38:40
step: 10119
