cv_loss: 0.10805172359732856
epoch: 46
lr: 0.0002786391062876764
save_time: 12/07/2026 03:50:52
step: 13159
