cv_loss: 0.3585152990895087
epoch: 46
lr: 0.0003143473067309657
save_time: 18/06/2026 19:44:19
step: 10339
