cv_loss: 0.10799023855610396
epoch: 47
lr: 0.0002756589232099856
save_time: 12/07/2026 03:59:58
step: 13439
