cv_loss: 0.3469317103774895
epoch: 47
lr: 0.00031098520678556144
save_time: 18/06/2026 19:49:57
step: 10559
