cv_loss: 0.35298792213966196
epoch: 48
lr: 0.00030772872744833183
save_time: 18/06/2026 19:55:32
step: 10779
