cv_loss: 0.1087661034383205
epoch: 48
lr: 0.00027277236279499046
save_time: 12/07/2026 04:09:04
step: 13719
