cv_loss: 0.10883576922200593
epoch: 49
lr: 0.00026997462357801944
save_time: 12/07/2026 04:18:08
step: 13999
