cv_loss: 0.34740537166674906
epoch: 49
lr: 0.0003045724519365863
save_time: 18/06/2026 20:00:57
step: 10999
