cv_loss: 0.40919287965044265
epoch: 5
lr: 0.0009534625892455922
save_time: 18/06/2026 14:52:38
step: 1319
