cv_loss: 0.15431181296472826
epoch: 5
lr: 0.0008451542547285166
save_time: 11/07/2026 13:51:15
step: 1679
