cv_loss: 0.3461087452137879
epoch: 50
lr: 0.0003015113445777636
save_time: 18/06/2026 20:06:07
step: 11219
