cv_loss: 0.10456613890928493
epoch: 50
lr: 0.00026726124191242437
save_time: 12/07/2026 04:27:17
step: 14279
