cv_loss: 0.3458023920372223
epoch: 51
lr: 0.000298540717013266
save_time: 18/06/2026 20:11:22
step: 11439
