cv_loss: 0.10477295942959568
epoch: 51
lr: 0.00026462806201248156
save_time: 12/07/2026 04:36:24
step: 14559
