cv_loss: 0.10407929622463606
epoch: 52
lr: 0.0002620712091804796
save_time: 12/07/2026 04:45:39
step: 14839
