cv_loss: 0.34587760292979247
epoch: 52
lr: 0.0002956561979945413
save_time: 18/06/2026 20:16:45
step: 11659
