cv_loss: 0.34420426509174573
epoch: 53
lr: 0.0002928537063287114
save_time: 18/06/2026 20:21:58
step: 11879
