cv_loss: 0.10369020436295506
epoch: 53
lr: 0.0002595870658255825
save_time: 12/07/2026 04:54:35
step: 15119
