cv_loss: 0.10154502579904484
epoch: 54
lr: 0.00025717224993681984
save_time: 12/07/2026 05:03:30
step: 15399
