cv_loss: 0.34181698585740333
epoch: 54
lr: 0.0002901294265928297
save_time: 18/06/2026 20:27:12
step: 12099
