cv_loss: 0.3479776542133508
epoch: 55
lr: 0.00028747978728803445
save_time: 18/06/2026 20:32:21
step: 12319
