cv_loss: 0.10006103549191095
epoch: 55
lr: 0.00025482359571881276
save_time: 12/07/2026 05:12:32
step: 15679
