cv_loss: 0.3423425196727408
epoch: 56
lr: 0.0002849014411490949
save_time: 18/06/2026 20:37:45
step: 12539
