cv_loss: 0.10058479690821875
epoch: 56
lr: 0.00025253813613805267
save_time: 12/07/2026 05:21:21
step: 15959
