cv_loss: 0.34447582522379244
epoch: 57
lr: 0.0002823912473624525
save_time: 18/06/2026 20:43:05
step: 12759
