cv_loss: 0.10043836978625076
epoch: 57
lr: 0.0002503130871608794
save_time: 12/07/2026 05:30:31
step: 16239
