cv_loss: 0.10037352441152467
epoch: 58
lr: 0.0002481458334927326
save_time: 12/07/2026 05:39:28
step: 16519
