cv_loss: 0.3439428845233657
epoch: 58
lr: 0.00027994625547792716
save_time: 18/06/2026 20:48:14
step: 12979
