cv_loss: 0.09572830563861105
epoch: 59
lr: 0.0002460339156525614
save_time: 12/07/2026 05:48:33
step: 16799
