cv_loss: 0.3509711455559977
epoch: 59
lr: 0.0002775636908266844
save_time: 18/06/2026 20:53:27
step: 13199
