cv_loss: 0.15419210490088828
epoch: 6
lr: 0.0007715167498104595
save_time: 11/07/2026 13:57:09
step: 1959
