cv_loss: 0.4056504341968891
epoch: 6
lr: 0.000870388279778489
save_time: 18/06/2026 15:05:47
step: 1539
