cv_loss: 0.3471013413036477
epoch: 60
lr: 0.0002752409412815901
save_time: 18/06/2026 20:58:39
step: 13419
