cv_loss: 0.0960395849871262
epoch: 60
lr: 0.00024397501823713327
save_time: 12/07/2026 05:57:27
step: 17079
