cv_loss: 0.09620329244102649
epoch: 61
lr: 0.0002419669592479136
save_time: 12/07/2026 06:06:29
step: 17359
