cv_loss: 0.34909276853438737
epoch: 61
lr: 0.000272975545216307
save_time: 18/06/2026 21:04:10
step: 13639
