cv_loss: 0.3553626826110581
epoch: 62
lr: 0.0002707651805369412
save_time: 18/06/2026 21:09:38
step: 13859
