cv_loss: 0.09391511188710144
epoch: 62
lr: 0.00024000768036865967
save_time: 12/07/2026 06:15:40
step: 17639
