cv_loss: 0.3407757412747755
epoch: 63
lr: 0.0002686076546751268
save_time: 18/06/2026 21:14:58
step: 14079
