cv_loss: 0.09282128472639616
epoch: 63
lr: 0.0002380952380952381
save_time: 12/07/2026 06:24:28
step: 17919
