cv_loss: 0.34414874349423785
epoch: 64
lr: 0.00026650089544451305
save_time: 18/06/2026 21:20:10
step: 14299
