cv_loss: 0.09192580264713399
epoch: 64
lr: 0.00023622779563076699
save_time: 12/07/2026 06:33:00
step: 18199
