cv_loss: 0.3538776853210884
epoch: 65
lr: 0.0002644429426739725
save_time: 18/06/2026 21:25:17
step: 14519
