cv_loss: 0.09431127497292645
epoch: 65
lr: 0.0002344036154692477
save_time: 12/07/2026 06:41:41
step: 18479
