cv_loss: 0.09243100762406972
epoch: 66
lr: 0.00023262105259961772
save_time: 12/07/2026 06:50:39
step: 18759
