cv_loss: 0.3498482603861546
epoch: 66
lr: 0.00026243194054073897
save_time: 18/06/2026 21:30:22
step: 14739
