cv_loss: 0.08951786710635219
epoch: 67
lr: 0.00023087854826980505
save_time: 12/07/2026 06:59:42
step: 19039
