cv_loss: 0.3461629172159568
epoch: 67
lr: 0.0002604661305353116
save_time: 18/06/2026 21:35:20
step: 14959
