cv_loss: 0.3516223819126331
epoch: 68
lr: 0.00025854384499750954
save_time: 18/06/2026 21:40:14
step: 15179
