cv_loss: 0.09032533116457424
epoch: 68
lr: 0.0002291746242570528
save_time: 12/07/2026 07:08:35
step: 19319
