cv_loss: 0.08745794952591035
epoch: 69
lr: 0.00022750787759664502
save_time: 12/07/2026 07:17:33
step: 19599
