cv_loss: 0.3492333637957015
epoch: 69
lr: 0.0002566635011696726
save_time: 18/06/2026 21:45:11
step: 15399
