cv_loss: 0.40391076608166543
epoch: 7
lr: 0.0008058229640253802
save_time: 18/06/2026 15:22:44
step: 1759
