cv_loss: 0.14914794887395272
epoch: 7
lr: 0.0007142857142857142
save_time: 11/07/2026 14:02:48
step: 2239
