cv_loss: 0.08606182753304885
epoch: 70
lr: 0.00022587697572631278
save_time: 12/07/2026 07:26:32
step: 19879
