cv_loss: 0.3514259696125944
epoch: 70
lr: 0.00025482359571881276
save_time: 18/06/2026 21:50:05
step: 15619
