cv_loss: 0.08481230458908183
epoch: 71
lr: 0.00022428065200812827
save_time: 12/07/2026 07:35:39
step: 20159
