cv_loss: 0.35103199403312196
epoch: 71
lr: 0.0002530226996846287
save_time: 18/06/2026 21:55:04
step: 15839
