cv_loss: 0.08543237413179473
epoch: 72
lr: 0.000222717701593687
save_time: 12/07/2026 07:45:02
step: 20439
