cv_loss: 0.3425548763642189
epoch: 72
lr: 0.000251259453814803
save_time: 18/06/2026 21:59:59
step: 16059
