cv_loss: 0.34639561118701423
epoch: 73
lr: 0.0002495325642529748
save_time: 18/06/2026 22:04:54
step: 16279
