cv_loss: 0.0839872527166193
epoch: 73
lr: 0.00022118697760190438
save_time: 12/07/2026 07:54:05
step: 20719
