cv_loss: 0.34836901848970037
epoch: 74
lr: 0.0002478407985483048
save_time: 18/06/2026 22:09:50
step: 16499
