cv_loss: 0.08416520788525789
epoch: 74
lr: 0.00021968738758187337
save_time: 12/07/2026 08:02:50
step: 20999
