cv_loss: 0.08322241548814999
epoch: 75
lr: 0.0002182178902359924
save_time: 12/07/2026 08:11:12
step: 21279
