cv_loss: 0.3524456857165191
epoch: 75
lr: 0.00024618298195866543
save_time: 18/06/2026 22:14:48
step: 16719
