cv_loss: 0.07971301451399898
epoch: 76
lr: 0.00021677749238103
save_time: 12/07/2026 08:19:52
step: 21559
