cv_loss: 0.34936753631392864
epoch: 76
lr: 0.0002445579940222592
save_time: 18/06/2026 22:19:44
step: 16939
