cv_loss: 0.08115374552373368
epoch: 77
lr: 0.000215365246126974
save_time: 12/07/2026 08:28:42
step: 21839
