cv_loss: 0.353110237286036
epoch: 77
lr: 0.00024296476537493124
save_time: 18/06/2026 22:24:44
step: 17159
