cv_loss: 0.07877569026209759
epoch: 78
lr: 0.00021398024625545644
save_time: 12/07/2026 08:37:35
step: 22119
