cv_loss: 0.3546937575184556
epoch: 78
lr: 0.0002414022747926338
save_time: 18/06/2026 22:29:46
step: 17379
