cv_loss: 0.07865765901336429
epoch: 79
lr: 0.00021262162778128114
save_time: 12/07/2026 08:46:36
step: 22399
