cv_loss: 0.36697817748485106
epoch: 79
lr: 0.00023986954644045832
save_time: 18/06/2026 22:34:52
step: 17599
