cv_loss: 0.14953559208059264
epoch: 8
lr: 0.0006681531047810609
save_time: 11/07/2026 14:12:11
step: 2519
