cv_loss: 0.3963131659907208
epoch: 8
lr: 0.0007537783614444091
save_time: 18/06/2026 15:36:47
step: 1979
