cv_loss: 0.35360400148806115
epoch: 80
lr: 0.00023836564731139804
save_time: 18/06/2026 22:39:55
step: 17819
