cv_loss: 0.07664987501483168
epoch: 80
lr: 0.00021128856368212914
save_time: 12/07/2026 08:55:33
step: 22679
