cv_loss: 0.07527924078538076
epoch: 81
lr: 0.000209980262782904
save_time: 12/07/2026 09:04:44
step: 22959
