cv_loss: 0.35161551476637154
epoch: 81
lr: 0.00023688968483956714
save_time: 18/06/2026 22:44:57
step: 18039
