cv_loss: 0.356917091208035
epoch: 82
lr: 0.00023544080467400555
save_time: 18/06/2026 22:50:02
step: 18259
