cv_loss: 0.07382188164881967
epoch: 82
lr: 0.00020869596778242053
save_time: 12/07/2026 09:11:48
step: 23239
