cv_loss: 0.07403443298392279
epoch: 83
lr: 0.00020743495341125556
save_time: 12/07/2026 09:19:53
step: 23519
