cv_loss: 0.35142925025144844
epoch: 83
lr: 0.0002340181886004545
save_time: 18/06/2026 22:55:08
step: 18479
