cv_loss: 0.07396392022737143
epoch: 84
lr: 0.0002061965247105806
save_time: 12/07/2026 09:26:54
step: 23799
