cv_loss: 0.356102453017783
epoch: 84
lr: 0.00023262105259961772
save_time: 18/06/2026 23:00:12
step: 18699
