cv_loss: 0.3588722596085894
epoch: 85
lr: 0.00023124864503144013
save_time: 18/06/2026 23:05:15
step: 18919
