cv_loss: 0.07117126634799413
epoch: 85
lr: 0.00020498001542269693
save_time: 12/07/2026 09:32:59
step: 24079
