cv_loss: 0.0736047483680249
epoch: 86
lr: 0.0002037847864848056
save_time: 12/07/2026 09:39:05
step: 24359
