cv_loss: 0.35597382883594975
epoch: 86
lr: 0.00022990024493585142
save_time: 18/06/2026 23:10:15
step: 19139
