cv_loss: 0.36380405089967216
epoch: 87
lr: 0.0002285751604412472
save_time: 18/06/2026 23:15:15
step: 19359
