cv_loss: 0.06930559367110276
epoch: 87
lr: 0.00020261022461827693
save_time: 12/07/2026 09:45:11
step: 24639
