cv_loss: 0.06887835550709431
epoch: 88
lr: 0.00020145574100634506
save_time: 12/07/2026 09:51:19
step: 24919
