cv_loss: 0.35992386350231304
epoch: 88
lr: 0.00022727272727272727
save_time: 18/06/2026 23:20:17
step: 19579
