cv_loss: 0.360834062774751
epoch: 89
lr: 0.0002259923073527843
save_time: 18/06/2026 23:25:21
step: 19799
