cv_loss: 0.06751850860609844
epoch: 89
lr: 0.00020032077005375097
save_time: 12/07/2026 09:57:22
step: 25199
