cv_loss: 0.3951848476817313
epoch: 9
lr: 0.0007106690545187014
save_time: 18/06/2026 15:47:30
step: 2199
