cv_loss: 0.14913550260582592
epoch: 9
lr: 0.000629940788348712
save_time: 11/07/2026 14:27:41
step: 2799
