cv_loss: 0.068237431538538
epoch: 90
lr: 0.00019920476822239892
save_time: 12/07/2026 10:03:23
step: 25479
