cv_loss: 0.3606555606674568
epoch: 90
lr: 0.00022473328748774733
save_time: 18/06/2026 23:30:24
step: 20019
