cv_loss: 0.3675130333395173
epoch: 91
lr: 0.0002234950781338371
save_time: 18/06/2026 23:35:28
step: 20239
