cv_loss: 0.06539804357582234
epoch: 91
lr: 0.0001981072129375818
save_time: 12/07/2026 10:13:28
step: 25759
