cv_loss: 0.36587912821443985
epoch: 92
lr: 0.00022227711223719352
save_time: 18/06/2026 23:40:28
step: 20459
