cv_loss: 0.0645771661139615
epoch: 92
lr: 0.00019702760155977515
save_time: 12/07/2026 10:22:52
step: 26039
