cv_loss: 0.06650801138534661
epoch: 93
lr: 0.0001959654504174051
save_time: 12/07/2026 10:33:18
step: 26319
