cv_loss: 0.3695899970092125
epoch: 93
lr: 0.00022107884414269093
save_time: 18/06/2026 23:45:30
step: 20679
