cv_loss: 0.36218298927460935
epoch: 94
lr: 0.00021989974856677122
save_time: 18/06/2026 23:50:32
step: 20899
