cv_loss: 0.06333267932552292
epoch: 94
lr: 0.0001949202938963626
save_time: 12/07/2026 10:44:34
step: 26599
