cv_loss: 0.37012347496576764
epoch: 95
lr: 0.00021873931962990354
save_time: 18/06/2026 23:55:35
step: 21119
