cv_loss: 0.06357754050930593
epoch: 95
lr: 0.0001938916835823703
save_time: 12/07/2026 10:54:38
step: 26879
