cv_loss: 0.06347629776977373
epoch: 96
lr: 0.00019287918745261487
save_time: 12/07/2026 11:05:20
step: 27159
