cv_loss: 0.36572917466638727
epoch: 96
lr: 0.00021759706994462226
save_time: 19/06/2026 00:00:30
step: 21339
