cv_loss: 0.3695753480902675
epoch: 97
lr: 0.0002164725297554095
save_time: 19/06/2026 00:05:26
step: 21559
