cv_loss: 0.06272048478085214
epoch: 97
lr: 0.00019188238911333407
save_time: 12/07/2026 11:15:44
step: 27439
