cv_loss: 0.06385115966801642
epoch: 98
lr: 0.00019090088708030313
save_time: 12/07/2026 11:21:28
step: 27719
