cv_loss: 0.3746685322146939
epoch: 98
lr: 0.000215365246126974
save_time: 19/06/2026 00:10:21
step: 21779
