cv_loss: 0.3717115261244083
epoch: 99
lr: 0.00021427478217774166
save_time: 19/06/2026 00:15:16
step: 21999
