cv_loss: 0.059900199699624304
epoch: 99
lr: 0.00018993429409939658
save_time: 12/07/2026 11:27:17
step: 27999
